10100010110001010000101011101001
10111010100010101101000000101000
10100110110010100010101010111010
10110000010110110101010110110110
01011111011001010101010010001110
10001010111011101011011010101010
01101111101101101100101110101000
10101101010101101011101000101100
10111110110110111010100110101000
00110100010101010100010100110111
11010111010101011011011001010001
01001101100101011101000101010101
111101000101110
xxxx
00000000000000000000000000000000
01100000000000000000000000000010
11111000111111111111001111111111
11111110000000100000000000001000
11011111111111111111111111111101
00000000011111100000000000011100
11101111111111111111111111110111
11111000000000000111111111111111